1036   486    

1035   486    

1040   604    

========================================

1121   435    

1050   545    

========================================

========================================

946   438    

1036   470    

1219   381    

284   363    

999   345    

959   481    

659   369    

659   369    

========================================

========================================

========================================

========================================

